[Settings]
RINEXObsFilename=yel20010.18o
EphemerisFilename=gbm19821.sp3
System=G
InitialTime=0 0 0.0
FinalTime=22 59 0.0
Step=30.0
TruePosition=0.000 0.000 0.000
ApproximatePosition=1.000 1.000 1.000
FrequencyMode=SC1
GalileoDataType=I
ExcludeSattelites=
ElevationMask=15.0
SNRMask=5
CorrectIonosphereDelay=0
Alpha=0.000000E+00 0.000000E+00 0.000000E+00 0.000000E+00
Beta=0.000000E+00 0.000000E+00 0.000000E+00 0.000000E+00
A=0.8
F10.7=81.7
Ap=7.0
Az=0.000000E+00 0.000000E+00 0.000000E+00
BDGIMFilename=BDGIM\2010\BGIM2880.10N
IONEXFilename=Ionex\igsg2190.17i
TECFilename=TEC\irkj_150_2019.dat
TayAbsTECPath=TayAbsTEC
CorrectTroposphereDelay=S
Weather=0.0 0.0 50.0
NumberOfIterations=5
RMSThreshold=100000.0
GeodethicCoordinates=1
OutputType=2
OutputPath=Output
AccumulateOutputData=0
DifferentialTimeMode=0

