Bin/Navi/Ionex/igsg2190.17i
     1.0            IONOSPHERE MAPS     MIX                 IONEX VERSION / TYPE
cmpcmb v1.2          GRL/UWM            23-aug-17 10:16     PGM / RUN BY / DATE 
ionex file containing IGS COMBINED Ionosphere maps          COMMENT             
global ionosphere maps for day 219, 2017                    DESCRIPTION         
IONEX file containing the COMBINED IGS TEC MAPS and DCBs    DESCRIPTION         
      IONEX files of the following IAACs were combined: cod DESCRIPTION         
                                                        jpl DESCRIPTION         
Contact address: Andrzej Krankowski                         DESCRIPTION
                 Geodynamics Research Laboratory            DESCRIPTION
                 University of Warmia and Mazury (GRL/UWM)  DESCRIPTION
                 Oczapowski St. 1                           DESCRIPTION
                 10-957-Olsztyn, POLAND                     DESCRIPTION
                 e-mail:  kand@uwm.edu.pl                   DESCRIPTION
                                                            DESCRIPTION         
  2017     8     7     0     0     0                        EPOCH OF FIRST MAP  
  2017     8     8     0     0     0                        EPOCH OF LAST MAP   
  7200                                                      INTERVAL            
    13                                                      # OF MAPS IN FILE   
  COSZ                                                      MAPPING FUNCTION    
     0.0                                                    ELEVATION CUTOFF    
combined TEC calculated as weighted mean of input TEC valuesOBSERVABLES USED    
   337                                                      # OF STATIONS       
    32                                                      # OF SATELLITES     
  6371.0                                                    BASE RADIUS         
     2                                                      MAP DIMENSION       
   450.0 450.0   0.0                                        HGT1 / HGT2 / DHGT  
    87.5 -87.5  -2.5                                        LAT1 / LAT2 / DLAT  
  -180.0 180.0   5.0                                        LON1 / LON2 / DLON  
    -1                                                      EXPONENT            
TEC values in 0.1 tec units;  9999, if no value available   COMMENT             
DCB values in nanoseconds, reference is Sum_of_SatDCBs = 0  COMMENT             
                                                            END OF HEADER       
[from data line 858]
     3                                                      START OF TEC MAP    
  2017     8     7     4     0     0                        EPOCH OF CURRENT MAP
    87.5-180.0 180.0   5.0 450.0                            LAT/LON1/LON2/DLON/H
   89   89   89   89   89   89   88   88   88   88   88   88   88   88   88   88
   87   87   87   87   86   86   86   86   85   85   85   84   84   84   84   84
   83   84   84   84   84   84   84   85   85   85   85   85   85   86   86   86
   86   86   86   87   87   87   87   88   88   88   88   88   89   89   89   89
   89   89   89   89   89   89   89   89   89
    85.0-180.0 180.0   5.0 450.0                            LAT/LON1/LON2/DLON/H
   88   89   88   88   88   88   88   88   88   88   88   88   87   87   86   86
   86   85   85   84   83   83   82   82   81   81   80   79   79   79   79   78
   78   78   79   79   79   79   80   80   81   81   82   82   83   83   84   84
   85   85   85   86   86   86   86   87   87   87   87   87   87   87   87   87
   87   88   88   88   88   88   88   88   88
    82.5-180.0 180.0   5.0 450.0                            LAT/LON1/LON2/DLON/H
   86   86   86   86   87   87   87   86   86   86   86   86   85   84   84   83
   83   82   81   80   80   79   78   78   76   75   75   74   74   73   73   73
   72   72   73   73   73   74   75   76   77   77   78   79   79   80   81   82
   83   83   84   84   85   85   85   85   85   85   85   85   85   85   84   84
   85   85   85   85   85   85   85   86   86
    80.0-180.0 180.0   5.0 450.0                            LAT/LON1/LON2/DLON/H
   83   83   83   84   84   85   84   85   84   84   83   82   82   82   81   80
   80   79   79   78   77   76   75   74   72   71   70   69   68   67   67   66
   67   67   67   68   69   69   71   72   72   74   75   77   77   78   80   81
   82   82   83   83   83   84   84   84   83   84   83   83   82   82   82   81
   81   81   81   81   81   82   82   82   83
    77.5-180.0 180.0   5.0 450.0                            LAT/LON1/LON2/DLON/H
   80   81   82   83   83   83   83   82   82   81   80   79   79   77   78   77
   76   76   76   75   74   74   72   71   69   67   66   64   63   62   61   61
   61   62   63   64   65   67   68   69   70   71   73   75   76   77   79   80
   80   81   82   83   83   83   83   83   83   82   81   81   80   80   78   78
   78   78   78   78   78   78   79   80   80
    75.0-180.0 180.0   5.0 450.0                            LAT/LON1/LON2/DLON/H
   78   80   81   82   82   83   82   81   80   78   77   76   75   73   73   73
   73   73   73   73   73   72   71   69   68   66   63   61   59   58   57   57
   57   58   60   61   63   65   66   67   69   70   72   74   76   77   78   80
   81   82   83   83   83   83   83   83   82   82   81   80   79   78   77   76
   75   75   75   75   76   76   77   78   78
    72.5-180.0 180.0   5.0 450.0                            LAT/LON1/LON2/DLON/H
   78   79   81   82   82   82   82   81   79   77   75   73   71   70   69   69
   69   70   71   71   71   71   70   68   66   64   61   59   56   55   54   54
   54   55   57   59   61   62   64   66   68   69   72   74   75   77   79   80
   82   82   83   84   84   84   83   83   83   82   81   80   78   77   75   75
   74   74   73   74   74   74   75   77   78
    70.0-180.0 180.0   5.0 450.0                            LAT/LON1/LON2/DLON/H
   77   79   80   82   82   83   82   81   79   76   73   70   68   66   65   65
   65   66   67   69   69   69   68   66   65   62   59   56   54   52   51   50
   50   52   54   55   58   60   62   64   66   68   71   73   76   78   80   82
   83   84   84   84   84   84   84   84   83   83   81   81   79   78   76   75
   74   74   73   74   74   75   75   76   77
    67.5-180.0 180.0   5.0 450.0                            LAT/LON1/LON2/DLON/H
   77   78   79   81   82   82   82   80   78   75   71   68   65   63   61   60
   61   61   63   64   65   65   64   63   61   59   56   54   51   49   47   46
   46   47   49   51   54   57   59   61   63   67   70   73   76   79   82   84
   85   85   85   85   85   85   85   85   85   85   84   82   80   79   78   76
   75   75   75   75   75   75   75   76   77
    65.0-180.0 180.0   5.0 450.0                            LAT/LON1/LON2/DLON/H
   77   78   78   80   81   81   80   79   77   74   70   67   63   60   58   56
   56   56   57   58   58   58   58   57   55   53   52   50   48   45   43   42
   42   42   44   47   49   52   54   58   61   65   69   73   77   80   83   85
   86   86   86   86   86   86   87   87   88   87   87   85   83   81   79   78
   77   77   77   77   77   76   77   76   77
    62.5-180.0 180.0   5.0 450.0                            LAT/LON1/LON2/DLON/H
   77   78   78   79   79   80   79   78   76   73   70   66   62   59   55   53
   51   50   50   50   50   50   50   49   48   47   46   45   43   41   39   37
   37   37   38   41   44   47   51   55   58   64   68   73   78   81   84   86
   87   87   87   87   87   87   88   90   90   91   90   88   86   84   82   80
   79   79   79   80   79   79   78   78   77
    60.0-180.0 180.0   5.0 450.0                            LAT/LON1/LON2/DLON/H
   80   79   79   79   79   79   78   77   75   73   70   66   62   58   55   51
   48   45   43   43   42   41   41   41   40   40   40   40   39   37   35   34
   32   32   34   37   40   43   47   52   57   64   70   75   80   84   87   88
   88   88   89   88   88   90   91   92   94   94   94   92   89   87   84   82
   81   81   82   82   83   83   82   80   80
    57.5-180.0 180.0   5.0 450.0                            LAT/LON1/LON2/DLON/H
   84   83   83   81   81   80   78   77   75   72   70   67   64   60   56   51
   47   42   39   37   35   34   34   34   34   35   36   37   37   35   33   30
   29   29   31   34   37   41   46   52   58   66   73   78   83   87   89   90
   91   91   92   92   92   93   94   97   98   98   98   95   93   89   86   84
   84   84   84   85   86   86   85   85   84
    55.0-180.0 180.0   5.0 450.0                            LAT/LON1/LON2/DLON/H
   91   90   89   88   85   83   80   78   75   73   70   68   66   63   59   54
   49   43   39   35   32   30   30   30   31   34   36   38   37   34   32   29
   27   28   30   33   37   41   46   53   61   69   77   83   88   91   93   94
   95   96   97   97   97   99  100  101  102  102  102   99   96   92   89   87
   86   86   87   88   89   90   90   90   91
    52.5-180.0 180.0   5.0 450.0                            LAT/LON1/LON2/DLON/H
   98   99   98   97   94   91   86   82   78   75   72   71   69   67   64   59
   53   47   41   37   33   31   30   31   33   37   39   40   39   37   33   30
   29   30   32   36   39   43   48   55   64   74   83   89   93   96   98   99
  102  103  104  104  105  105  105  107  107  107  106  103  100   96   93   90
   89   88   89   90   91   93   94   96   98
    50.0-180.0 180.0   5.0 450.0                            LAT/LON1/LON2/DLON/H
  105  108  109  109  106  101   95   89   83   79   76   75   74   72   69   64
   58   52   47   42   38   36   35   36   38   42   44   45   43   40   36   34
   32   34   37   40   43   46   51   58   68   79   89   95   99  101  103  106
  109  112  113  113  113  112  111  112  112  111  110  107  104  100   97   94
   92   91   92   93   94   96   98  101  105
    47.5-180.0 180.0   5.0 450.0                            LAT/LON1/LON2/DLON/H
  112  117  120  121  119  113  106   98   90   84   81   79   79   78   75   71
   65   59   54   50   46   45   43   44   47   49   51   52   49   44   41   38
   38   40   43   46   48   50   54   61   71   83   93  100  104  106  109  114
  118  121  122  122  120  118  117  117  116  116  114  112  108  105  102   98
   96   94   94   95   97   99  102  106  112
    45.0-180.0 180.0   5.0 450.0                            LAT/LON1/LON2/DLON/H
  118  125  131  133  131  126  118  109   99   92   87   85   85   83   81   76
   71   66   62   59   56   54   53   53   55   57   58   57   54   49   45   43
   44   47   49   52   53   54   56   62   74   86   97  104  109  112  116  121
  126  130  131  129  127  124  121  120  120  119  118  115  113  110  106  103
  100   98   98   98  100  102  106  111  118
    42.5-180.0 180.0   5.0 450.0                            LAT/LON1/LON2/DLON/H
  124  132  139  142  141  137  129  119  109  101   96   93   92   89   86   81
   76   72   69   67   65   63   63   63   64   65   64   62   58   52   49   47
   49   52   56   57   57   56   57   63   75   87  100  108  113  117  123  129
  134  137  137  134  130  127  124  123  122  122  121  120  118  115  112  108
  105  104  104  106  107  109  112  117  124
    40.0-180.0 180.0   5.0 450.0                            LAT/LON1/LON2/DLON/H
  133  140  146  149  150  146  139  130  119  110  104  102   99   96   92   86
   81   76   74   72   71   71   70   71   71   71   69   65   60   55   52   51
   52   56   59   60   59   57   58   63   74   88  101  111  117  122  129  136
  141  143  141  137  133  129  127  125  125  125  125  124  123  120  117  113
  112  111  114  117  119  121  123  127  133
    37.5-180.0 180.0   5.0 450.0                            LAT/LON1/LON2/DLON/H
  147  151  155  157  156  153  146  137  128  120  115  111  109  105   98   91
   84   79   77   76   76   76   77   77   76   75   72   67   62   57   54   53
   55   58   61   61   60   57   58   63   74   88  102  113  120  127  134  141
  145  146  142  138  134  131  129  129  129  129  129  129  128  126  123  121
  121  123  128  133  138  140  141  143  147
    35.0-180.0 180.0   5.0 450.0                            LAT/LON1/LON2/DLON/H
  167  168  168  167  164  159  153  145  137  130  125  122  119  114  105   95
   87   81   77   77   77   79   79   80   80   78   74   68   63   59   56   55
   56   59   61   62   59   57   57   62   73   88  102  114  123  131  138  144
  148  146  142  138  135  133  133  134  135  135  135  135  134  133  131  131
  133  139  148  156  163  166  166  166  167
    32.5-180.0 180.0   5.0 450.0                            LAT/LON1/LON2/DLON/H
  194  192  188  181  174  167  160  154  147  141  137  134  129  122  113  101
   89   82   77   76   76   79   81   84   83   80   75   69   64   61   58   57
   57   58   60   60   59   57   57   62   72   87  102  114  125  133  141  146
  148  146  143  140  139  139  141  143  144  144  144  143  142  142  142  144
  150  160  173  185  193  198  198  197  194
    30.0-180.0 180.0   5.0 450.0                            LAT/LON1/LON2/DLON/H
  228  223  215  203  191  180  171  164  158  152  148  144  139  131  120  105
   92   82   76   74   75   78   82   85   85   82   76   70   65   62   60   58
   57   57   59   59   58   57   57   61   71   85  100  113  124  133  140  145
  147  146  145  145  146  148  151  154  155  155  154  153  152  152  155  160
  170  184  201  216  228  232  234  232  228
    27.5-180.0 180.0   5.0 450.0                            LAT/LON1/LON2/DLON/H
  267  260  249  233  215  198  186  178  172  165  159  153  147  138  125  109
   94   83   76   72   72   76   82   86   87   84   77   70   66   64   62   59
   57   56   57   57   57   56   56   60   69   82   96  110  121  131  138  143
  145  147  149  152  156  159  164  167  167  166  165  163  162  164  169  178
  191  209  230  249  261  268  270  270  267
    25.0-180.0 180.0   5.0 450.0                            LAT/LON1/LON2/DLON/H
  305  299  287  268  245  224  207  197  188  178  169  160  152  142  129  113
   97   84   76   71   71   75   81   87   88   85   77   70   66   64   63   60
   57   55   54   55   55   55   55   58   65   77   91  104  116  126  134  140
  145  150  156  162  168  173  176  178  179  177  175  174  173  176  183  195
  211  232  255  276  290  298  302  304  305
    22.5-180.0 180.0   5.0 450.0                            LAT/LON1/LON2/DLON/H
  336  334  324  305  280  254  233  218  206  192  179  167  155  144  131  114
   99   86   76   71   70   74   81   87   88   85   77   69   65   63   62   59
   55   53   52   52   52   51   51   54   60   71   84   97  109  120  129  137
  145  154  165  173  180  185  187  188  188  186  185  184  184  189  197  210
  227  249  272  294  309  318  325  332  336
    20.0-180.0 180.0   5.0 450.0                            LAT/LON1/LON2/DLON/H
  356  359  353  336  313  285  261  241  223  204  187  171  157  144  130  116
  101   89   78   71   69   72   79   86   87   83   75   67   62   61   59   57
   53   51   49   49   48   48   46   48   53   64   76   89  102  114  125  136
  147  160  173  185  191  194  194  194  193  193  193  193  195  200  208  221
  237  257  280  301  316  326  336  347  356
    17.5-180.0 180.0   5.0 450.0                            LAT/LON1/LON2/DLON/H
  361  369  367  357  337  311  284  261  238  215  193  174  158  143  130  117
  104   91   80   72   69   71   77   83   85   80   71   63   58   56   55   52
   50   47   47   45   44   42   41   42   46   56   68   82   96  110  123  135
  150  166  182  194  200  201  200  198  197  197  199  202  205  209  217  226
  240  257  277  295  309  321  333  347  361
    15.0-180.0 180.0   5.0 450.0                            LAT/LON1/LON2/DLON/H
  349  361  364  359  347  326  301  275  249  222  198  177  159  144  130  118
  106   94   82   73   69   70   74   79   80   75   67   59   54   51   50   48
   46   44   43   42   40   37   36   36   41   49   62   76   92  107  122  137
  154  171  189  201  206  206  203  201  200  202  206  210  215  219  224  230
  238  250  265  280  293  304  317  333  349
    12.5-180.0 180.0   5.0 450.0                            LAT/LON1/LON2/DLON/H
  325  337  343  345  340  327  307  282  254  226  201  180  161  145  132  120
  109   97   85   75   70   69   72   75   75   70   61   54   49   46   45   44
   43   42   41   40   37   34   32   32   37   46   59   74   91  107  122  139
  157  177  193  204  209  211  209  207  207  209  213  219  225  228  230  232
  235  241  251  261  272  282  294  309  325
    10.0-180.0 180.0   5.0 450.0                            LAT/LON1/LON2/DLON/H
  297  306  311  315  318  315  303  282  255  227  203  181  163  147  135  124
  113  101   88   78   71   69   70   71   70   64   56   50   44   42   41   41
   41   41   40   38   36   32   31   31   36   44   57   74   91  108  124  142
  160  179  194  206  213  216  217  217  218  218  223  229  234  237  236  235
  233  234  239  246  253  261  271  284  297
     7.5-180.0 180.0   5.0 450.0                            LAT/LON1/LON2/DLON/H
  273  278  279  282  289  293  290  276  253  226  202  183  166  152  139  128
  118  106   93   83   75   71   69   69   66   60   52   46   42   40   39   39
   39   40   40   38   36   33   32   32   36   45   58   75   92  109  125  142
  161  178  193  204  214  223  229  232  232  231  232  237  242  244  242  238
  234  232  233  236  241  247  256  266  273
     5.0-180.0 180.0   5.0 450.0                            LAT/LON1/LON2/DLON/H
  262  261  257  256  263  272  276  269  250  224  201  183  168  155  144  134
  123  111   99   89   80   74   71   67   62   56   50   45   41   39   38   38
   39   40   40   39   37   35   34   35   38   46   59   76   93  109  125  141
  159  176  189  201  215  229  240  246  246  241  240  244  248  250  247  242
  238  235  234  235  239  243  251  259  262
     2.5-180.0 180.0   5.0 450.0                            LAT/LON1/LON2/DLON/H
  269  263  253  246  248  259  266  264  248  223  198  181  168  157  147  137
  128  116  105   95   86   79   72   66   60   54   49   45   42   39   39   39
   40   41   41   40   39   38   37   37   39   46   59   75   92  108  123  139
  155  171  184  197  214  232  249  257  255  248  243  245  250  251  248  245
  242  239  239  240  243  250  259  267  269
