Bin/Navi/Ionex/igsg2190.17i
     1.0            IONOSPHERE MAPS     MIX                 IONEX VERSION / TYPE
cmpcmb v1.2          GRL/UWM            23-aug-17 10:16     PGM / RUN BY / DATE 
ionex file containing IGS COMBINED Ionosphere maps          COMMENT             
global ionosphere maps for day 219, 2017                    DESCRIPTION         
IONEX file containing the COMBINED IGS TEC MAPS and DCBs    DESCRIPTION         
      IONEX files of the following IAACs were combined: cod DESCRIPTION         
                                                        jpl DESCRIPTION         
Contact address: Andrzej Krankowski                         DESCRIPTION
                 Geodynamics Research Laboratory            DESCRIPTION
                 University of Warmia and Mazury (GRL/UWM)  DESCRIPTION
                 Oczapowski St. 1                           DESCRIPTION
                 10-957-Olsztyn, POLAND                     DESCRIPTION
                 e-mail:  kand@uwm.edu.pl                   DESCRIPTION
                                                            DESCRIPTION         
  2017     8     7     0     0     0                        EPOCH OF FIRST MAP  
  2017     8     8     0     0     0                        EPOCH OF LAST MAP   
  7200                                                      INTERVAL            
    13                                                      # OF MAPS IN FILE   
  COSZ                                                      MAPPING FUNCTION    
     0.0                                                    ELEVATION CUTOFF    
combined TEC calculated as weighted mean of input TEC valuesOBSERVABLES USED    
   337                                                      # OF STATIONS       
    32                                                      # OF SATELLITES     
  6371.0                                                    BASE RADIUS         
     2                                                      MAP DIMENSION       
   450.0 450.0   0.0                                        HGT1 / HGT2 / DHGT  
    87.5 -87.5  -2.5                                        LAT1 / LAT2 / DLAT  
  -180.0 180.0   5.0                                        LON1 / LON2 / DLON  
    -1                                                      EXPONENT            
TEC values in 0.1 tec units;  9999, if no value available   COMMENT             
DCB values in nanoseconds, reference is Sum_of_SatDCBs = 0  COMMENT             
                                                            END OF HEADER       
[from data line 1716]
     5                                                      START OF TEC MAP    
  2017     8     7     8     0     0                        EPOCH OF CURRENT MAP
    87.5-180.0 180.0   5.0 450.0                            LAT/LON1/LON2/DLON/H
   84   84   84   84   84   84   83   83   83   83   83   82   82   82   82   82
   81   81   81   81   81   81   81   81   81   81   80   80   81   81   81   81
   81   81   81   81   81   81   81   81   81   81   81   81   81   81   81   81
   81   81   81   82   82   82   82   82   82   83   83   83   83   83   84   84
   84   84   84   84   84   84   84   84   84
    85.0-180.0 180.0   5.0 450.0                            LAT/LON1/LON2/DLON/H
   85   86   86   86   85   85   84   84   84   83   83   82   82   81   80   80
   80   80   79   79   79   78   78   78   78   78   78   78   78   78   79   79
   79   79   79   80   80   80   80   80   80   80   80   81   81   81   81   81
   81   81   81   82   82   82   82   83   83   83   83   83   84   84   84   85
   85   85   85   86   86   86   86   86   85
    82.5-180.0 180.0   5.0 450.0                            LAT/LON1/LON2/DLON/H
   87   87   86   86   85   84   84   83   82   81   80   80   79   79   78   77
   76   76   76   75   75   74   74   74   74   74   75   75   76   76   77   77
   78   78   79   79   80   80   80   80   80   80   81   81   81   81   81   81
   82   82   82   82   82   82   83   83   83   83   84   84   84   84   85   85
   86   86   86   87   87   87   87   87   87
    80.0-180.0 180.0   5.0 450.0                            LAT/LON1/LON2/DLON/H
   87   86   86   85   84   83   82   81   80   78   77   76   75   74   74   73
   72   71   70   70   70   70   70   70   70   71   71   72   72   73   74   75
   76   77   78   79   79   80   81   81   81   81   82   82   83   83   83   83
   84   84   84   84   84   84   84   84   84   85   84   84   85   85   85   86
   86   87   87   87   87   87   87   87   87
    77.5-180.0 180.0   5.0 450.0                            LAT/LON1/LON2/DLON/H
   85   85   83   82   81   79   78   76   75   74   72   72   70   69   68   68
   67   66   66   65   65   65   65   65   65   66   66   67   69   70   71   73
   74   76   77   78   79   80   81   82   83   83   84   84   85   85   86   86
   87   87   86   86   86   86   86   85   85   85   85   85   85   86   86   86
   86   86   86   86   86   86   86   85   85
    75.0-180.0 180.0   5.0 450.0                            LAT/LON1/LON2/DLON/H
   83   82   80   78   76   74   73   71   69   68   67   66   65   64   64   63
   62   62   62   61   60   60   60   60   61   61   62   63   64   66   68   70
   72   74   75   77   79   80   82   83   84   85   86   86   87   89   89   89
   90   90   89   89   88   87   86   85   85   85   84   85   84   85   85   85
   85   85   85   85   85   84   84   83   83
    72.5-180.0 180.0   5.0 450.0                            LAT/LON1/LON2/DLON/H
   80   78   76   74   70   68   66   64   62   61   60   60   60   60   60   59
   59   59   58   58   57   56   56   55   56   56   58   59   60   62   64   67
   69   71   74   76   78   80   82   83   85   86   88   89   90   92   92   93
   93   92   91   90   88   87   86   85   84   84   84   84   84   84   84   83
   83   83   82   82   82   83   82   81   80
    70.0-180.0 180.0   5.0 450.0                            LAT/LON1/LON2/DLON/H
   78   75   72   68   65   62   59   57   55   55   54   54   55   56   56   56
   56   56   56   55   54   54   53   52   52   52   54   55   57   59   61   63
   66   69   72   75   78   80   82   84   86   88   90   92   93   94   95   95
   94   94   92   90   88   86   84   83   83   83   83   83   83   83   83   82
   82   81   81   81   81   81   81   80   78
    67.5-180.0 180.0   5.0 450.0                            LAT/LON1/LON2/DLON/H
   77   74   69   64   59   55   51   49   49   48   48   49   51   52   53   53
   54   54   53   52   51   50   49   48   49   49   50   53   55   56   59   61
   64   67   70   74   77   79   82   85   87   90   92   94   95   97   97   97
   96   94   92   89   86   84   82   81   81   81   82   83   83   83   83   83
   83   82   81   80   80   81   80   79   77
    65.0-180.0 180.0   5.0 450.0                            LAT/LON1/LON2/DLON/H
   77   73   67   61   55   49   45   43   42   42   43   45   47   48   50   51
   51   50   50   49   47   46   45   44   44   46   48   51   53   55   58   60
   63   66   69   73   76   80   83   86   89   92   94   96   98   99   99   99
   97   95   91   88   85   83   81   80   80   81   83   83   85   84   84   84
   84   83   82   81   81   81   81   80   77
    62.5-180.0 180.0   5.0 450.0                            LAT/LON1/LON2/DLON/H
   80   75   69   61   53   47   41   38   37   37   38   41   43   44   46   46
   47   46   46   44   42   40   40   39   40   42   45   49   53   56   58   61
   62   65   69   72   76   80   84   88   91   94   98   99  101  102  101  100
   99   96   92   89   85   83   82   82   83   84   85   86   87   87   87   86
   86   85   84   83   83   83   83   82   80
    60.0-180.0 180.0   5.0 450.0                            LAT/LON1/LON2/DLON/H
   84   79   71   63   54   46   39   35   33   33   35   37   39   40   41   41
   41   41   40   38   36   35   33   34   36   39   43   49   53   57   60   62
   64   66   70   73   77   82   86   91   95   98  101  103  105  105  105  104
  102   98   95   92   89   87   86   86   87   88   89   90   90   91   90   90
   89   88   87   86   85   86   86   86   84
    57.5-180.0 180.0   5.0 450.0                            LAT/LON1/LON2/DLON/H
   89   85   77   67   57   47   40   34   32   31   32   34   35   36   36   36
   36   34   33   31   30   28   28   29   32   36   42   49   55   59   63   65
   67   69   72   75   80   85   90   95   99  103  106  109  110  110  110  108
  106  103  100   97   95   93   93   94   94   95   95   95   95   94   93   93
   92   91   89   88   88   89   90   91   89
    55.0-180.0 180.0   5.0 450.0                            LAT/LON1/LON2/DLON/H
   95   91   84   74   63   53   44   37   33   31   31   31   32   32   32   31
   30   29   27   25   24   23   23   25   28   34   41   49   57   62   66   68
   70   72   75   79   84   90   95  100  104  109  112  114  115  116  115  114
  112  109  107  105  103  103  102  103  103  103  102  101   99   97   97   96
   95   94   92   91   90   91   93   95   95
    52.5-180.0 180.0   5.0 450.0                            LAT/LON1/LON2/DLON/H
  100   97   90   81   71   61   51   43   37   33   32   31   30   30   28   27
   26   25   24   23   22   22   22   24   28   34   41   50   58   64   69   71
   73   75   78   83   89   94  100  105  110  115  118  120  122  123  123  121
  120  117  116  114  112  112  112  112  112  111  109  106  102   99   98   98
   97   96   94   92   92   94   96   99  100
    50.0-180.0 180.0   5.0 450.0                            LAT/LON1/LON2/DLON/H
  103  102   96   88   79   69   60   51   43   38   34   33   31   29   28   26
   25   24   23   22   22   23   23   25   29   35   42   51   59   66   71   74
   77   80   83   88   95  100  107  112  117  121  125  128  130  130  130  128
  127  125  123  122  121  120  120  120  119  118  114  110  105  102   99   99
   99   98   97   95   94   96   99  102  103
    47.5-180.0 180.0   5.0 450.0                            LAT/LON1/LON2/DLON/H
  105  104  100   94   86   78   70   61   52   44   40   37   34   32   30   28
   27   26   26   27   27   28   29   30   33   37   44   52   59   66   72   76
   80   84   89   95  102  108  113  118  124  128  132  136  138  138  138  136
  134  132  129  128  126  125  124  124  123  122  118  113  108  104  102  101
  101  101  100   99   97   98  101  104  105
    45.0-180.0 180.0   5.0 450.0                            LAT/LON1/LON2/DLON/H
  106  105  100   96   91   84   78   70   60   53   47   44   41   38   35   33
   31   31   32   34   36   37   38   38   39   41   46   52   59   66   72   77
   82   88   94  101  109  115  120  125  131  135  140  143  145  146  145  143
  140  137  134  131  128  126  125  125  124  124  121  115  110  106  104  104
  105  105  105  103  102  102  103  105  106
    42.5-180.0 180.0   5.0 450.0                            LAT/LON1/LON2/DLON/H
  105  103  100   95   92   88   84   77   69   61   55   52   50   46   43   40
   38   39   40   43   46   48   49   48   47   46   48   53   59   65   72   78
   84   91   99  108  116  123  128  132  137  142  146  150  152  153  152  149
  145  141  136  132  128  125  124  124  124  124  122  118  114  111  110  110
  111  112  111  109  108  107  106  106  105
    40.0-180.0 180.0   5.0 450.0                            LAT/LON1/LON2/DLON/H
  105  101   97   93   90   89   86   81   75   68   63   61   59   55   51   48
   46   47   49   53   57   60   60   57   54   52   51   54   59   64   72   78
   85   94  104  114  123  130  135  139  143  147  152  156  159  159  158  155
  150  145  139  133  128  125  123  124  126  127  127  125  121  119  119  120
  120  121  120  119  116  113  111  109  105
    37.5-180.0 180.0   5.0 450.0                            LAT/LON1/LON2/DLON/H
  106   99   93   89   87   86   85   83   78   74   71   70   68   65   61   56
   54   54   57   62   66   69   69   66   61   56   53   55   59   65   72   79
   87   96  107  119  129  137  142  145  148  152  156  161  163  165  164  161
  156  150  145  139  133  130  130  131  133  136  136  135  133  131  131  132
  133  133  132  130  127  123  118  113  106
    35.0-180.0 180.0   5.0 450.0                            LAT/LON1/LON2/DLON/H
  109   99   90   84   82   81   82   81   79   77   76   76   76   73   69   64
   60   60   62   66   72   75   75   71   66   59   55   56   60   66   73   80
   88   98  109  122  133  141  146  149  152  155  160  164  167  169  170  169
  166  160  155  151  147  145  146  147  150  151  152  152  149  148  147  147
  148  148  146  144  139  133  127  118  109
    32.5-180.0 180.0   5.0 450.0                            LAT/LON1/LON2/DLON/H
  113   99   89   81   77   76   77   77   77   77   78   81   82   80   75   69
   64   63   64   69   73   77   77   73   66   60   56   57   60   67   74   82
   90   99  110  123  135  144  149  152  154  156  160  165  170  174  177  179
  178  176  174  173  172  172  174  175  176  177  176  174  171  167  166  165
  165  163  161  158  152  145  135  125  113
    30.0-180.0 180.0   5.0 450.0                            LAT/LON1/LON2/DLON/H
  118  102   89   79   74   72   72   73   73   75   79   82   85   84   79   73
   67   64   65   68   71   74   74   71   65   58   56   57   62   68   76   84
   91   99  110  123  136  145  150  153  155  157  160  166  172  180  186  192
  195  197  199  203  207  210  212  212  210  207  204  200  194  189  185  183
  182  180  176  172  165  155  145  132  118
    27.5-180.0 180.0   5.0 450.0                            LAT/LON1/LON2/DLON/H
  123  107   92   81   74   70   70   68   70   72   77   82   85   85   82   75
   69   64   64   65   68   69   68   66   61   57   55   56   62   69   77   85
   92   99  110  122  135  144  149  153  156  158  161  167  176  186  197  207
  214  221  228  238  246  251  253  250  245  239  232  225  217  210  204  200
  198  195  190  184  176  165  152  139  123
    25.0-180.0 180.0   5.0 450.0                            LAT/LON1/LON2/DLON/H
  128  113   98   86   78   73   70   68   67   69   73   78   82   83   82   77
   70   65   63   63   63   64   63   61   57   53   52   54   60   68   77   85
   91   99  108  120  133  143  150  155  158  161  164  171  181  195  210  223
  234  244  255  268  280  287  288  283  274  265  256  247  237  227  220  215
  212  208  202  195  185  172  158  144  128
    22.5-180.0 180.0   5.0 450.0                            LAT/LON1/LON2/DLON/H
  133  120  106   95   87   81   76   71   67   68   71   74   78   80   80   77
   72   67   63   61   60   59   57   56   53   51   50   52   58   66   75   83
   90   98  108  120  132  142  151  157  162  167  171  178  189  205  222  237
  250  262  275  291  303  310  310  304  292  281  271  260  250  239  231  226
  222  218  211  202  190  176  162  147  133
    20.0-180.0 180.0   5.0 450.0                            LAT/LON1/LON2/DLON/H
  138  126  115  106   98   92   85   78   73   70   70   72   73   76   78   77
   74   69   64   61   58   55   54   53   51   48   48   49   54   62   71   81
   90   98  108  120  133  144  154  164  172  177  182  188  199  215  233  249
  261  272  284  298  309  316  314  307  295  284  274  265  255  245  238  233
  229  224  217  207  194  178  163  150  138
    17.5-180.0 180.0   5.0 450.0                            LAT/LON1/LON2/DLON/H
  142  133  125  117  112  106   99   90   81   75   72   70   70   72   76   77
   75   71   67   62   57   54   52   51   50   48   46   46   49   57   68   78
   88   99  110  123  137  149  161  173  184  191  195  200  210  225  242  256
  266  272  281  291  300  305  302  295  286  277  269  262  254  247  241  236
  232  226  219  209  195  180  164  151  142
    15.0-180.0 180.0   5.0 450.0                            LAT/LON1/LON2/DLON/H
  144  138  132  127  124  120  112  102   91   83   77   72   69   70   74   76
   76   73   69   63   58   55   53   52   50   47   45   43   45   52   63   76
   88  101  113  128  142  155  169  183  197  207  210  213  222  235  248  259
  264  266  270  277  282  284  282  277  271  266  260  255  251  246  242  237
  232  226  218  209  196  180  164  152  144
    12.5-180.0 180.0   5.0 450.0                            LAT/LON1/LON2/DLON/H
  147  141  137  134  133  131  124  113  101   92   83   76   70   69   72   76
   77   75   70   65   60   56   54   52   50   47   44   42   42   47   59   74
   88  103  118  134  148  163  177  193  209  220  224  226  232  242  252  259
  260  259  260  261  264  264  263  260  256  254  251  248  246  244  241  236
  231  224  217  208  195  180  165  154  147
    10.0-180.0 180.0   5.0 450.0                            LAT/LON1/LON2/DLON/H
  147  143  138  137  138  137  131  120  108   98   89   80   73   70   73   75
   75   74   70   66   61   58   55   53   50   48   44   41   40   45   57   73
   89  106  123  139  154  169  183  200  217  230  235  236  240  248  256  259
  259  256  255  255  255  255  253  251  250  249  247  245  243  242  240  235
  229  222  214  206  194  180  165  154  147
     7.5-180.0 180.0   5.0 450.0                            LAT/LON1/LON2/DLON/H
  147  142  138  136  137  137  131  121  110  102   93   84   76   73   73   74
   74   73   71   67   63   59   56   53   50   47   43   40   40   44   56   72
   90  109  126  142  157  171  185  202  220  233  240  241  245  251  257  261
  261  260  260  261  260  260  258  255  254  252  249  245  243  242  239  233
  227  218  210  202  192  179  165  154  147
     5.0-180.0 180.0   5.0 450.0                            LAT/LON1/LON2/DLON/H
  146  139  134  132  134  133  127  117  108  101   94   87   79   76   74   74
   74   73   70   67   64   61   56   52   49   46   44   41   40   45   56   72
   91  110  127  142  157  169  182  198  216  231  237  240  243  250  258  264
  268  271  274  277  278  277  273  270  266  260  254  247  242  239  236  231
  223  214  205  197  189  177  164  154  146
     2.5-180.0 180.0   5.0 450.0                            LAT/LON1/LON2/DLON/H
  142  135  130  128  128  127  120  109  101   97   92   87   82   78   76   75
   73   72   70   68   66   62   57   51   47   45   42   41   41   45   56   72
   91  109  125  139  152  163  175  189  207  221  228  233  237  245  256  267
  276  285  292  298  301  300  295  288  281  271  259  248  241  236  230  225
  217  208  199  191  183  173  161  151  142
