Bin/Navi/Ionex/igsg2190.17i
     1.0            IONOSPHERE MAPS     MIX                 IONEX VERSION / TYPE
cmpcmb v1.2          GRL/UWM            23-aug-17 10:16     PGM / RUN BY / DATE 
ionex file containing IGS COMBINED Ionosphere maps          COMMENT             
global ionosphere maps for day 219, 2017                    DESCRIPTION         
IONEX file containing the COMBINED IGS TEC MAPS and DCBs    DESCRIPTION         
      IONEX files of the following IAACs were combined: cod DESCRIPTION         
                                                        jpl DESCRIPTION         
Contact address: Andrzej Krankowski                         DESCRIPTION
                 Geodynamics Research Laboratory            DESCRIPTION
                 University of Warmia and Mazury (GRL/UWM)  DESCRIPTION
                 Oczapowski St. 1                           DESCRIPTION
                 10-957-Olsztyn, POLAND                     DESCRIPTION
                 e-mail:  kand@uwm.edu.pl                   DESCRIPTION
                                                            DESCRIPTION         
  2017     8     7     0     0     0                        EPOCH OF FIRST MAP  
  2017     8     8     0     0     0                        EPOCH OF LAST MAP   
  7200                                                      INTERVAL            
    13                                                      # OF MAPS IN FILE   
  COSZ                                                      MAPPING FUNCTION    
     0.0                                                    ELEVATION CUTOFF    
combined TEC calculated as weighted mean of input TEC valuesOBSERVABLES USED    
   337                                                      # OF STATIONS       
    32                                                      # OF SATELLITES     
  6371.0                                                    BASE RADIUS         
     2                                                      MAP DIMENSION       
   450.0 450.0   0.0                                        HGT1 / HGT2 / DHGT  
    87.5 -87.5  -2.5                                        LAT1 / LAT2 / DLAT  
  -180.0 180.0   5.0                                        LON1 / LON2 / DLON  
    -1                                                      EXPONENT            
TEC values in 0.1 tec units;  9999, if no value available   COMMENT             
DCB values in nanoseconds, reference is Sum_of_SatDCBs = 0  COMMENT             
                                                            END OF HEADER       
[from data line 3003]
     8                                                      START OF TEC MAP    
  2017     8     7    14     0     0                        EPOCH OF CURRENT MAP
    87.5-180.0 180.0   5.0 450.0                            LAT/LON1/LON2/DLON/H
   84   84   84   84   84   84   83   83   83   84   84   84   83   83   83   83
   83   83   83   83   83   83   83   83   83   83   82   82   82   82   82   82
   82   81   81   81   81   81   81   81   81   81   81   81   81   81   81   82
   82   82   82   82   83   83   83   83   83   83   83   84   84   84   84   84
   84   84   84   84   84   84   84   84   84
    85.0-180.0 180.0   5.0 450.0                            LAT/LON1/LON2/DLON/H
   83   83   83   83   83   82   82   82   82   83   83   82   83   83   83   83
   83   84   84   84   83   84   84   84   84   83   83   83   83   82   82   82
   82   81   81   80   80   79   79   79   79   79   79   78   78   79   79   79
   80   80   81   81   82   82   83   83   84   84   84   85   85   85   85   85
   85   85   85   84   84   84   84   83   83
    82.5-180.0 180.0   5.0 450.0                            LAT/LON1/LON2/DLON/H
   82   81   80   80   80   80   80   80   80   80   81   81   81   81   82   82
   83   83   83   84   85   85   85   85   85   85   85   85   85   84   84   83
   82   81   80   79   79   78   77   77   76   76   75   75   75   76   76   77
   77   78   79   80   81   82   83   83   84   84   85   85   85   85   85   85
   85   84   84   83   83   82   82   82   82
    80.0-180.0 180.0   5.0 450.0                            LAT/LON1/LON2/DLON/H
   77   77   77   76   76   76   77   77   77   77   78   78   79   79   80   81
   81   82   83   84   85   85   86   86   87   87   88   87   87   87   86   85
   84   83   82   80   79   77   76   75   74   73   73   72   73   73   74   74
   76   77   78   79   80   81   82   83   83   83   83   83   83   83   82   82
   81   80   80   79   79   78   78   77   77
    77.5-180.0 180.0   5.0 450.0                            LAT/LON1/LON2/DLON/H
   71   71   71   72   71   72   73   73   74   74   75   76   76   77   78   78
   80   81   82   83   84   85   86   87   88   88   89   89   89   89   88   88
   86   85   84   82   80   78   76   75   73   72   71   71   70   71   71   72
   73   75   76   77   79   80   80   81   81   81   81   80   80   79   78   76
   76   74   74   73   72   72   71   71   71
    75.0-180.0 180.0   5.0 450.0                            LAT/LON1/LON2/DLON/H
   65   65   66   66   67   68   69   70   70   72   73   73   74   75   75   76
   77   78   80   81   83   84   86   87   88   89   90   90   90   90   89   89
   88   87   86   84   81   79   77   75   73   72   71   70   70   70   71   71
   73   73   75   76   77   77   78   78   78   77   77   76   74   73   71   69
   67   66   66   64   64   64   64   64   65
    72.5-180.0 180.0   5.0 450.0                            LAT/LON1/LON2/DLON/H
   58   59   60   61   63   64   66   67   68   70   70   71   72   72   73   74
   75   76   77   79   81   82   84   86   87   88   89   90   89   89   89   89
   89   88   86   85   83   80   78   76   74   72   71   71   71   71   72   72
   73   73   74   75   75   76   75   75   75   74   72   70   68   66   63   61
   59   58   56   56   55   55   56   57   58
    70.0-180.0 180.0   5.0 450.0                            LAT/LON1/LON2/DLON/H
   52   53   55   57   59   60   62   64   66   67   68   69   70   71   71   72
   72   73   75   77   79   80   82   84   85   87   87   87   87   87   87   87
   87   87   86   85   82   81   79   77   75   74   73   73   74   73   74   74
   74   74   75   74   74   74   73   72   71   70   68   65   62   59   56   54
   52   50   49   48   48   48   49   50   52
    67.5-180.0 180.0   5.0 450.0                            LAT/LON1/LON2/DLON/H
   46   48   50   52   54   56   58   60   63   65   67   68   69   69   70   70
   71   71   73   74   76   78   80   82   83   84   85   84   84   84   84   84
   84   84   84   84   82   80   78   76   76   75   76   76   77   77   77   77
   76   76   75   74   73   72   71   70   68   66   64   61   58   55   52   49
   46   45   43   43   42   43   44   45   46
    65.0-180.0 180.0   5.0 450.0                            LAT/LON1/LON2/DLON/H
   42   43   46   47   50   51   54   56   59   62   64   66   67   68   69   69
   70   70   71   72   74   76   78   80   80   81   81   81   80   80   80   81
   82   82   83   82   81   78   77   76   76   77   79   80   81   82   82   81
   80   79   77   75   73   71   70   68   66   64   62   59   56   53   50   47
   45   42   41   40   39   39   39   41   42
    62.5-180.0 180.0   5.0 450.0                            LAT/LON1/LON2/DLON/H
   38   39   41   43   44   46   49   51   54   58   61   63   65   67   68   68
   69   69   70   71   73   75   76   78   78   79   79   78   78   79   79   80
   81   82   82   81   79   78   77   76   78   80   82   84   85   86   87   86
   84   82   79   76   74   71   69   68   66   64   62   60   57   54   51   48
   46   43   42   40   39   38   37   38   38
    60.0-180.0 180.0   5.0 450.0                            LAT/LON1/LON2/DLON/H
   36   37   38   38   40   41   43   46   50   53   57   60   63   65   67   68
   69   69   69   71   72   74   75   77   77   78   77   77   78   79   80   82
   84   84   84   82   80   78   77   78   80   83   85   88   90   91   91   90
   88   85   82   79   75   73   71   69   67   65   64   62   60   56   54   51
   48   46   44   42   40   38   37   37   36
    57.5-180.0 180.0   5.0 450.0                            LAT/LON1/LON2/DLON/H
   36   36   36   36   37   38   40   42   46   49   54   57   60   63   65   67
   69   70   70   71   72   73   74   76   77   78   78   79   80   83   85   88
   90   90   89   87   84   81   81   81   84   87   90   93   95   96   95   94
   91   89   85   82   79   76   73   71   69   68   67   65   62   59   57   54
   52   49   47   45   42   40   38   37   36
    55.0-180.0 180.0   5.0 450.0                            LAT/LON1/LON2/DLON/H
   36   35   35   37   37   38   40   41   44   47   51   54   58   61   64   67
   70   70   71   71   72   73   74   76   78   80   81   83   86   89   93   97
   98   99   97   93   90   88   87   88   90   94   97   99  100  100   99   98
   96   94   90   86   83   81   77   75   72   71   69   67   65   63   60   58
   55   53   50   48   45   42   40   38   36
    52.5-180.0 180.0   5.0 450.0                            LAT/LON1/LON2/DLON/H
   39   38   38   39   40   41   41   43   44   46   50   53   56   59   63   67
   70   72   73   73   73   73   75   77   80   83   86   89   93   98  102  106
  107  107  104  101   98   96   95   96   99  102  104  105  106  105  103  102
  100   98   96   92   90   87   83   80   76   74   71   69   67   65   63   61
   58   55   52   50   48   45   43   40   39
    50.0-180.0 180.0   5.0 450.0                            LAT/LON1/LON2/DLON/H
   43   42   43   44   46   45   45   45   47   49   51   53   56   60   63   67
   71   74   75   76   75   75   77   80   84   87   91   95  100  105  110  113
  114  113  110  107  105  104  105  107  109  112  113  113  111  109  107  106
  104  104  102  100   97   94   90   85   81   77   73   70   68   67   65   63
   60   57   55   53   52   49   47   44   43
    47.5-180.0 180.0   5.0 450.0                            LAT/LON1/LON2/DLON/H
   48   47   48   50   52   52   51   50   51   53   55   56   59   60   64   68
   73   77   79   80   79   79   80   83   88   92   97  102  107  111  115  117
  117  116  114  113  112  113  115  118  121  123  122  120  117  115  112  110
  109  109  108  107  105  102   98   92   85   80   75   71   69   68   67   65
   62   59   57   55   54   54   52   50   48
    45.0-180.0 180.0   5.0 450.0                            LAT/LON1/LON2/DLON/H
   54   53   54   55   57   57   56   56   56   58   60   61   63   65   67   71
   77   82   85   86   84   84   85   88   93   98  103  107  112  115  117  118
  118  117  116  117  118  120  124  128  131  133  132  129  124  121  117  115
  114  115  115  115  114  111  105   98   91   83   76   73   71   70   69   67
   65   62   60   59   59   58   57   55   54
    42.5-180.0 180.0   5.0 450.0                            LAT/LON1/LON2/DLON/H
   59   58   58   59   61   61   60   59   61   63   66   68   69   70   71   75
   81   87   92   93   92   91   91   94   98  104  108  112  115  116  117  117
  117  118  119  122  125  128  133  137  141  143  141  137  132  127  123  121
  120  121  121  121  120  118  112  104   95   85   78   73   72   71   72   70
   68   65   62   62   62   62   62   60   59
    40.0-180.0 180.0   5.0 450.0                            LAT/LON1/LON2/DLON/H
   62   61   61   62   63   63   62   62   63   67   72   75   77   78   78   81
   87   95  101  103  101   98   99  100  104  109  113  116  117  117  116  116
  118  121  126  131  134  138  142  147  151  152  150  146  141  135  130  127
  127  126  127  127  126  123  117  108   98   87   80   75   73   74   75   74
   71   68   65   63   64   65   65   64   62
    37.5-180.0 180.0   5.0 450.0                            LAT/LON1/LON2/DLON/H
   63   62   61   62   62   62   61   61   64   69   76   81   85   86   86   88
   94  102  109  111  109  107  106  107  110  115  118  120  120  119  118  119
  124  132  140  145  148  150  153  157  161  162  161  157  151  144  138  135
  133  133  132  132  130  127  120  111  100   89   81   76   75   76   77   77
   74   70   67   64   64   65   65   64   63
    35.0-180.0 180.0   5.0 450.0                            LAT/LON1/LON2/DLON/H
   62   61   60   60   61   60   59   59   61   69   78   86   92   94   95   96
  102  110  117  119  118  114  113  114  116  119  123  124  124  122  123  128
  138  150  161  166  166  165  166  169  172  173  172  168  161  154  148  145
  142  139  137  136  133  129  121  112  101   90   82   78   77   79   80   79
   76   72   67   64   62   62   63   63   62
    32.5-180.0 180.0   5.0 450.0                            LAT/LON1/LON2/DLON/H
   60   59   58   57   58   58   56   56   59   66   78   89   97  102  103  105
  109  117  123  126  124  120  118  119  121  124  128  130  130  130  134  143
  158  175  188  192  189  184  182  183  186  186  185  181  174  167  161  156
  151  147  143  138  134  129  121  111  100   89   82   79   79   80   81   80
   76   71   65   61   59   58   59   60   60
    30.0-180.0 180.0   5.0 450.0                            LAT/LON1/LON2/DLON/H
   57   57   56   55   56   55   54   53   55   64   76   89  100  107  109  111
  116  121  127  129  128  125  122  123  125  129  134  137  138  140  148  163
  184  205  218  220  212  204  200  200  200  201  199  195  188  180  174  168
  162  156  149  142  135  127  119  108   97   87   81   79   80   81   82   80
   75   69   62   57   54   53   55   56   57
    27.5-180.0 180.0   5.0 450.0                            LAT/LON1/LON2/DLON/H
   56   56   55   55   55   55   52   51   52   59   71   86  100  109  113  116
  119  123  128  130  129  127  125  126  128  134  140  145  149  153  166  185
  211  234  248  247  235  223  217  216  216  216  213  209  202  195  188  182
  175  166  156  147  136  126  115  104   93   84   80   78   80   81   80   77
   72   66   59   54   50   50   51   53   56
    25.0-180.0 180.0   5.0 450.0                            LAT/LON1/LON2/DLON/H
   55   56   56   55   56   55   54   51   51   56   66   81   95  107  115  118
  120  123  127  129  129  128  126  127  132  139  147  155  160  168  184  208
  236  261  272  267  252  238  231  231  231  230  228  223  217  209  203  196
  188  177  164  151  137  124  111   99   89   80   77   77   78   79   77   74
   68   63   56   51   48   48   50   53   55
    22.5-180.0 180.0   5.0 450.0                            LAT/LON1/LON2/DLON/H
   57   58   58   58   58   58   56   53   51   54   61   73   88  103  112  117
  119  120  122  126  127  127  127  130  136  144  154  164  173  183  201  228
  257  280  288  279  261  247  242  242  243  242  240  236  230  224  217  210
  201  188  172  155  138  123  108   95   84   78   75   75   76   76   73   69
   65   59   54   50   49   49   51   53   57
    20.0-180.0 180.0   5.0 450.0                            LAT/LON1/LON2/DLON/H
   59   61   61   62   62   62   60   57   54   53   57   67   82   97  109  114
  116  116  117  121  125  127  129  133  139  150  162  174  184  197  216  244
  271  290  294  282  263  250  247  249  252  251  249  246  241  235  228  221
  211  197  179  159  140  122  106   92   82   75   73   73   73   72   69   65
   61   57   54   51   50   51   53   56   59
    17.5-180.0 180.0   5.0 450.0                            LAT/LON1/LON2/DLON/H
   62   64   65   65   65   65   64   61   57   54   55   62   76   92  105  111
  112  111  113  117  123  127  132  137  145  156  170  183  196  209  228  253
  277  291  290  276  259  248  248  252  255  255  255  251  248  242  236  229
  218  203  184  163  141  122  105   91   80   74   71   71   71   68   64   61
   58   56   54   53   53   55   57   59   62
    15.0-180.0 180.0   5.0 450.0                            LAT/LON1/LON2/DLON/H
   64   65   66   67   67   68   67   65   60   57   55   60   71   88  102  108
  109  108  109  114  121  129  135  142  152  163  178  193  206  219  236  257
  276  284  280  266  251  245  247  252  255  255  254  252  249  245  239  231
  221  205  186  164  141  121  104   90   79   73   70   70   67   64   60   57
   55   55   56   56   57   58   60   61   64
    12.5-180.0 180.0   5.0 450.0                            LAT/LON1/LON2/DLON/H
   63   64   65   65   67   68   68   66   62   58   57   59   70   86  100  107
  108  107  108  113  122  132  140  149  159  172  187  202  215  227  241  258
  271  274  268  256  246  242  246  251  252  251  249  247  245  242  236  229
  218  203  184  163  141  121  104   91   80   73   69   68   65   61   57   55
   53   55   57   58   58   60   61   62   63
    10.0-180.0 180.0   5.0 450.0                            LAT/LON1/LON2/DLON/H
   61   60   61   62   63   65   66   65   62   60   57   59   69   85  100  107
  109  109  109  115  124  136  146  157  168  182  197  211  223  234  245  256
  264  265  258  249  243  243  247  249  247  242  238  237  236  233  228  220
  210  196  178  158  138  119  104   91   80   73   68   66   62   58   55   52
   53   55   57   58   59   60   61   61   61
     7.5-180.0 180.0   5.0 450.0                            LAT/LON1/LON2/DLON/H
   57   55   55   57   58   60   61   61   60   58   56   59   69   84   99  109
  112  112  113  118  129  141  153  165  178  192  206  220  231  240  248  256
  259  259  254  249  247  249  250  248  240  231  225  224  223  221  216  208
  197  184  168  151  133  116  102   89   80   72   67   64   60   56   53   51
   52   55   57   58   58   59   60   59   57
     5.0-180.0 180.0   5.0 450.0                            LAT/LON1/LON2/DLON/H
   52   49   49   50   52   54   55   54   54   54   55   58   68   83  100  110
  116  117  119  125  134  147  160  173  187  201  214  227  238  246  252  257
  259  258  256  255  256  257  254  246  232  218  210  208  208  206  201  192
  181  169  155  140  126  112   99   88   78   71   66   62   58   55   53   51
   52   54   56   56   56   57   57   56   52
     2.5-180.0 180.0   5.0 450.0                            LAT/LON1/LON2/DLON/H
   49   45   44   46   48   49   48   48   48   49   51   56   66   82   99  112
  119  122  125  131  140  153  166  180  194  208  221  232  243  251  257  260
  262  262  263  264  265  263  255  240  221  204  194  192  193  190  184  174
  163  151  140  128  117  105   94   84   75   69   63   60   57   55   53   53
   53   54   55   55   54   55   55   53   49
