Bin/Navi/Ionex/igsg2190.17i
     1.0            IONOSPHERE MAPS     MIX                 IONEX VERSION / TYPE
cmpcmb v1.2          GRL/UWM            23-aug-17 10:16     PGM / RUN BY / DATE 
ionex file containing IGS COMBINED Ionosphere maps          COMMENT             
global ionosphere maps for day 219, 2017                    DESCRIPTION         
IONEX file containing the COMBINED IGS TEC MAPS and DCBs    DESCRIPTION         
      IONEX files of the following IAACs were combined: cod DESCRIPTION         
                                                        jpl DESCRIPTION         
Contact address: Andrzej Krankowski                         DESCRIPTION
                 Geodynamics Research Laboratory            DESCRIPTION
                 University of Warmia and Mazury (GRL/UWM)  DESCRIPTION
                 Oczapowski St. 1                           DESCRIPTION
                 10-957-Olsztyn, POLAND                     DESCRIPTION
                 e-mail:  kand@uwm.edu.pl                   DESCRIPTION
                                                            DESCRIPTION         
  2017     8     7     0     0     0                        EPOCH OF FIRST MAP  
  2017     8     8     0     0     0                        EPOCH OF LAST MAP   
  7200                                                      INTERVAL            
    13                                                      # OF MAPS IN FILE   
  COSZ                                                      MAPPING FUNCTION    
     0.0                                                    ELEVATION CUTOFF    
combined TEC calculated as weighted mean of input TEC valuesOBSERVABLES USED    
   337                                                      # OF STATIONS       
    32                                                      # OF SATELLITES     
  6371.0                                                    BASE RADIUS         
     2                                                      MAP DIMENSION       
   450.0 450.0   0.0                                        HGT1 / HGT2 / DHGT  
    87.5 -87.5  -2.5                                        LAT1 / LAT2 / DLAT  
  -180.0 180.0   5.0                                        LON1 / LON2 / DLON  
    -1                                                      EXPONENT            
TEC values in 0.1 tec units;  9999, if no value available   COMMENT             
DCB values in nanoseconds, reference is Sum_of_SatDCBs = 0  COMMENT             
                                                            END OF HEADER       
[from data line 3861]
    10                                                      START OF TEC MAP    
  2017     8     7    18     0     0                        EPOCH OF CURRENT MAP
    87.5-180.0 180.0   5.0 450.0                            LAT/LON1/LON2/DLON/H
   81   81   81   81   81   81   81   81   81   81   81   81   81   81   81   81
   81   81   80   80   79   79   79   78   78   78   77   77   77   76   75   75
   75   74   74   74   74   73   73   73   73   73   73   72   72   72   72   73
   73   73   73   73   74   74   74   75   76   76   77   77   77   77   78   78
   78   79   79   79   80   80   80   80   81
    85.0-180.0 180.0   5.0 450.0                            LAT/LON1/LON2/DLON/H
   84   84   84   84   84   84   85   85   85   85   85   85   84   85   85   85
   84   84   84   84   83   83   82   82   81   81   80   79   78   78   77   76
   75   74   74   73   72   71   71   70   70   69   69   69   69   70   70   70
   71   71   71   72   72   73   74   75   75   76   77   78   78   79   79   80
   80   81   81   82   82   83   83   83   84
    82.5-180.0 180.0   5.0 450.0                            LAT/LON1/LON2/DLON/H
   85   85   85   86   86   86   86   86   86   86   87   87   87   87   87   88
   88   88   88   88   88   87   86   86   85   85   84   83   82   80   79   78
   77   75   74   73   72   71   70   69   69   68   68   68   68   68   68   69
   69   70   70   71   72   73   74   75   76   77   78   79   80   80   81   82
   82   83   83   84   84   84   85   85   85
    80.0-180.0 180.0   5.0 450.0                            LAT/LON1/LON2/DLON/H
   84   84   84   84   84   85   85   85   86   86   87   88   88   88   89   90
   90   91   91   91   91   91   90   90   89   89   88   87   86   84   82   81
   79   77   75   74   73   72   71   70   68   68   67   67   67   67   67   68
   69   70   71   71   72   73   74   75   76   77   77   78   79   79   80   81
   82   82   83   83   83   84   84   84   84
    77.5-180.0 180.0   5.0 450.0                            LAT/LON1/LON2/DLON/H
   82   82   81   81   81   82   82   82   83   84   85   86   87   88   89   90
   90   91   92   92   93   93   93   93   93   92   91   90   88   87   85   83
   81   80   78   76   75   73   72   71   70   69   68   68   67   67   67   68
   68   69   70   71   71   73   73   73   74   74   74   74   75   76   77   77
   78   79   80   81   81   82   82   82   82
    75.0-180.0 180.0   5.0 450.0                            LAT/LON1/LON2/DLON/H
   78   78   77   77   77   77   78   79   80   81   83   84   86   86   87   88
   89   90   91   92   93   94   94   95   95   94   93   92   91   89   88   86
   84   82   81   79   77   76   74   73   72   71   69   68   67   66   66   67
   67   67   68   69   70   70   69   69   69   68   68   68   68   68   69   70
   72   73   75   77   77   78   79   79   78
    72.5-180.0 180.0   5.0 450.0                            LAT/LON1/LON2/DLON/H
   75   74   74   73   73   73   74   75   77   79   80   82   84   85   86   87
   87   88   89   91   93   94   95   95   95   95   93   92   91   89   88   86
   84   83   82   80   79   77   77   75   74   72   70   69   67   66   65   64
   64   64   65   65   66   65   64   63   62   60   59   58   58   59   59   61
   63   65   68   70   72   74   75   75   75
    70.0-180.0 180.0   5.0 450.0                            LAT/LON1/LON2/DLON/H
   72   72   71   71   71   71   71   73   74   77   79   81   82   84   84   85
   85   87   88   90   92   93   94   95   95   93   92   91   89   88   86   85
   84   83   82   81   80   79   78   77   76   73   72   69   67   65   62   61
   60   61   60   60   60   59   57   55   53   50   48   47   46   47   48   50
   53   57   61   64   68   70   71   73   72
    67.5-180.0 180.0   5.0 450.0                            LAT/LON1/LON2/DLON/H
   71   71   70   70   70   69   70   72   74   76   79   81   82   83   83   84
   84   85   87   88   90   93   94   94   93   92   90   88   87   85   85   84
   83   82   81   80   80   79   79   78   77   75   73   70   67   63   61   58
   57   56   55   54   53   51   49   45   43   39   37   35   35   36   38   41
   45   49   54   58   63   67   69   71   71
    65.0-180.0 180.0   5.0 450.0                            LAT/LON1/LON2/DLON/H
   71   71   71   70   71   70   71   72   75   77   79   81   83   83   83   83
   84   85   86   88   90   93   93   93   92   90   88   86   85   84   84   83
   82   81   80   79   79   79   79   79   79   78   76   72   68   64   60   56
   54   52   50   49   47   43   40   36   32   29   27   26   26   27   30   33
   37   42   47   53   59   63   67   70   71
    62.5-180.0 180.0   5.0 450.0                            LAT/LON1/LON2/DLON/H
   71   72   73   73   74   74   74   75   76   79   81   83   84   85   85   84
   85   85   86   89   90   93   93   93   91   89   86   85   85   85   86   86
   85   83   81   80   79   79   80   80   81   81   79   75   71   65   61   56
   52   50   47   45   41   37   33   28   24   22   19   19   20   22   25   28
   32   37   43   49   55   61   66   69   71
    60.0-180.0 180.0   5.0 450.0                            LAT/LON1/LON2/DLON/H
   72   75   76   77   79   78   79   79   80   80   83   84   86   87   87   87
   86   87   88   89   91   93   93   92   90   88   87   86   87   90   91   91
   90   87   84   81   80   80   81   83   84   84   83   79   74   69   63   58
   53   50   46   42   38   33   28   23   20   17   16   16   18   20   24   26
   30   34   39   45   51   58   64   68   72
    57.5-180.0 180.0   5.0 450.0                            LAT/LON1/LON2/DLON/H
   72   76   80   82   83   84   84   83   83   84   85   86   88   89   89   90
   90   89   90   91   92   93   93   92   91   89   89   90   94   97  100  100
   98   93   88   84   82   82   83   87   88   89   88   84   79   74   68   62
   57   53   48   43   38   33   27   22   19   17   16   18   20   23   25   27
   30   32   36   41   48   55   61   67   72
    55.0-180.0 180.0   5.0 450.0                            LAT/LON1/LON2/DLON/H
   72   78   82   86   88   90   89   89   87   87   88   89   90   92   93   93
   93   92   92   92   92   93   93   92   91   91   93   96  101  106  109  110
  107  101   95   89   87   87   89   91   94   94   93   90   85   79   73   68
   62   58   52   47   41   35   30   25   22   20   21   23   26   29   30   31
   31   32   35   38   45   51   59   66   72
    52.5-180.0 180.0   5.0 450.0                            LAT/LON1/LON2/DLON/H
   71   78   84   89   93   95   96   94   93   92   92   92   94   96   97   97
   96   95   93   93   93   93   93   93   93   95   98  103  108  114  118  117
  113  107  100   94   92   93   95   98  100  101   99   96   91   85   80   74
   69   64   59   53   48   42   36   32   29   27   28   31   34   37   37   37
   36   34   35   37   43   49   57   64   71
    50.0-180.0 180.0   5.0 450.0                            LAT/LON1/LON2/DLON/H
   70   78   85   93   98  101  102  102   99   98   98   98   99  101  102  101
  100   98   96   94   93   93   94   94   95   99  103  109  114  119  121  120
  116  110  104   99   98  100  103  105  108  108  106  102   97   91   86   81
   76   72   67   62   56   50   45   40   38   37   38   40   44   46   45   44
   41   38   37   38   41   48   55   63   70
    47.5-180.0 180.0   5.0 450.0                            LAT/LON1/LON2/DLON/H
   69   77   87   94  102  107  109  109  108  106  106  106  106  107  107  107
  105  102   99   97   95   95   95   97   99  103  107  112  117  120  120  118
  114  109  105  103  104  108  111  115  115  115  112  108  102   97   92   88
   84   80   76   71   65   60   54   50   48   46   48   49   52   54   53   51
   47   43   40   40   43   48   54   61   69
    45.0-180.0 180.0   5.0 450.0                            LAT/LON1/LON2/DLON/H
   69   78   88   97  105  112  115  116  116  116  115  115  114  114  114  113
  111  107  104  100   99   98   99  100  102  106  111  114  116  116  115  113
  110  108  107  108  111  116  120  123  124  122  119  114  108  103   98   94
   90   86   83   78   74   68   63   59   56   55   55   56   58   60   59   57
   53   48   44   44   45   50   55   62   69
    42.5-180.0 180.0   5.0 450.0                            LAT/LON1/LON2/DLON/H
   70   79   89  100  108  115  120  124  125  125  125  125  124  123  122  120
  117  113  109  106  104  103  103  105  107  110  114  115  115  112  110  109
  108  109  111  114  119  125  130  133  132  130  125  120  113  107  102   99
   95   92   88   84   79   75   70   66   64   62   61   61   63   64   64   62
   58   54   50   48   49   53   57   63   70
    40.0-180.0 180.0   5.0 450.0                            LAT/LON1/LON2/DLON/H
   72   81   91  102  112  119  125  129  131  133  134  134  133  131  129  127
  124  120  115  112  111  111  111  111  113  115  118  117  115  112  111  111
  114  117  120  124  129  135  140  141  140  137  131  125  118  111  106  102
   98   95   91   87   83   79   75   72   69   66   64   64   65   67   67   65
   62   58   54   52   53   56   60   66   72
    37.5-180.0 180.0   5.0 450.0                            LAT/LON1/LON2/DLON/H
   75   84   94  105  114  121  127  131  135  138  140  141  140  138  136  134
  131  126  122  120  119  118  118  118  120  122  124  124  122  120  121  126
  133  137  139  140  143  147  149  150  148  143  137  130  121  113  107  103
   99   95   90   87   83   80   78   75   72   69   66   66   66   67   68   67
   64   60   57   55   55   58   63   68   75
    35.0-180.0 180.0   5.0 450.0                            LAT/LON1/LON2/DLON/H
   78   87   98  107  115  122  127  132  136  140  144  145  145  144  142  139
  136  131  128  126  126  126  126  126  128  131  134  136  137  139  146  156
  166  171  168  163  159  159  160  159  155  149  142  132  122  114  107  102
   97   93   88   84   81   79   77   75   73   71   68   66   66   67   68   67
   65   61   57   55   55   59   63   70   78
    32.5-180.0 180.0   5.0 450.0                            LAT/LON1/LON2/DLON/H
   80   90  101  110  116  122  127  130  135  140  145  148  149  148  146  143
  140  136  132  131  132  133  134  135  138  142  148  154  161  170  183  199
  211  213  203  189  178  172  170  166  160  152  143  133  122  112  104   98
   93   88   84   79   77   76   75   74   73   70   68   66   66   66   67   66
   63   59   55   53   53   57   63   71   80
    30.0-180.0 180.0   5.0 450.0                            LAT/LON1/LON2/DLON/H
   80   92  103  111  117  122  125  129  133  138  144  149  151  151  149  146
  143  138  135  135  136  139  142  144  149  156  166  178  191  207  227  247
  261  258  240  216  197  186  179  172  164  154  143  131  119  108   99   93
   87   82   77   73   71   71   71   71   71   70   68   66   66   66   65   63
   60   55   51   49   50   53   60   69   80
    27.5-180.0 180.0   5.0 450.0                            LAT/LON1/LON2/DLON/H
   80   92  104  113  119  122  125  127  131  137  144  150  153  154  152  149
  146  141  138  138  141  145  150  154  161  171  186  202  222  244  271  294
  306  299  272  239  213  196  186  176  165  153  140  127  114  102   93   86
   79   74   69   66   65   65   66   68   69   68   67   67   66   65   64   61
   57   52   48   46   45   49   56   67   80
    25.0-180.0 180.0   5.0 450.0                            LAT/LON1/LON2/DLON/H
   77   92  105  114  121  125  127  129  132  138  145  152  157  158  157  154
  150  145  142  142  146  152  159  166  175  188  206  226  250  277  306  332
  342  328  294  255  224  204  190  177  164  149  135  121  108   96   86   78
   71   66   61   59   58   59   61   64   65   66   66   66   65   64   61   58
   54   49   45   43   43   46   53   64   77
    22.5-180.0 180.0   5.0 450.0                            LAT/LON1/LON2/DLON/H
   75   91  106  117  124  129  131  133  136  141  149  157  162  164  163  161
  158  152  148  149  154  161  169  178  189  204  223  245  270  298  328  354
  361  342  304  263  230  207  191  176  160  143  129  115  102   90   79   70
   64   58   54   52   52   54   57   60   62   63   64   64   63   61   59   55
   52   48   45   43   42   45   51   61   75
    20.0-180.0 180.0   5.0 450.0                            LAT/LON1/LON2/DLON/H
   74   90  106  119  128  135  138  140  143  148  156  165  170  172  172  171
  168  163  159  160  166  174  182  191  203  219  238  259  281  307  336  359
  362  341  302  262  231  209  191  173  155  137  121  108   96   85   73   64
   57   51   47   46   47   50   53   56   58   61   62   62   61   58   55   53
   50   48   45   44   44   46   51   60   74
    17.5-180.0 180.0   5.0 450.0                            LAT/LON1/LON2/DLON/H
   72   89  106  121  133  141  147  150  153  158  166  174  179  181  182  183
  181  177  173  175  181  189  196  205  216  231  248  266  285  306  330  348
  349  327  290  255  227  207  189  170  149  130  115  103   92   81   70   60
   52   47   43   42   44   47   50   53   55   58   59   59   58   55   53   51
   49   48   47   47   47   48   52   60   72
    15.0-180.0 180.0   5.0 450.0                            LAT/LON1/LON2/DLON/H
   71   87  105  122  137  147  155  159  164  169  177  185  190  191  194  196
  196  193  190  192  197  204  210  218  229  242  255  268  281  295  314  328
  326  304  273  244  223  206  188  167  144  126  111  100   90   80   69   58
   50   44   41   41   43   46   49   51   53   55   57   57   55   52   50   49
   48   49   49   50   50   51   53   59   71
    12.5-180.0 180.0   5.0 450.0                            LAT/LON1/LON2/DLON/H
   69   85  104  122  139  152  161  169  173  179  188  195  199  201  204  208
  211  210  208  209  213  218  223  229  239  250  261  268  273  281  292  301
  298  279  255  234  219  204  186  165  142  124  110  100   91   81   69   59
   51   44   40   40   42   46   48   50   52   53   55   54   53   49   48   47
   48   49   49   50   51   52   54   59   69
    10.0-180.0 180.0   5.0 450.0                            LAT/LON1/LON2/DLON/H
   67   83  101  120  138  153  165  174  181  188  196  204  207  209  212  219
  224  225  223  224  226  229  232  238  246  255  263  266  266  267  272  277
  273  257  240  226  216  203  186  164  141  124  111  102   92   82   71   62
   53   45   42   41   43   46   48   49   50   51   53   52   51   48   46   46
   47   48   49   49   50   51   52   57   67
     7.5-180.0 180.0   5.0 450.0                            LAT/LON1/LON2/DLON/H
   64   79   98  117  135  151  166  177  186  194  203  210  212  214  218  226
  233  235  235  235  235  236  237  243  251  260  264  264  260  257  258  258
  253  242  230  222  214  203  185  163  142  126  114  104   94   83   72   63
   55   47   44   43   44   46   48   49   49   51   51   51   49   47   46   45
   45   46   46   47   47   48   50   55   64
     5.0-180.0 180.0   5.0 450.0                            LAT/LON1/LON2/DLON/H
   62   76   94  113  132  149  164  178  188  198  207  214  216  218  222  230
  238  242  242  240  238  237  238  243  253  262  266  264  258  252  250  248
  243  234  226  220  212  200  182  161  142  127  115  104   93   82   72   63
   55   50   46   45   46   47   48   49   49   50   50   50   49   46   45   45
   45   44   43   42   43   45   47   52   62
     2.5-180.0 180.0   5.0 450.0                            LAT/LON1/LON2/DLON/H
   59   73   91  111  129  147  164  178  190  200  210  216  219  220  224  232
  239  243  242  240  237  235  236  242  253  262  266  264  258  251  248  245
  240  232  226  219  209  194  176  156  138  124  113  101   90   79   70   62
   56   50   48   47   47   48   49   49   49   49   49   49   48   47   46   45
   44   43   41   39   40   41   44   49   59
